in loss 0.7900789929063696 MegaMulAdd= 1049.2473838467943 MegaHidden 3.305072253122398 time= 297.4539167881012 s
512 1 Val MegaMulAdd= 919.4355366666666 MegaHidden 3.097837435897436 time= 65.62872672080994 s
evaluating 49540568 points...
classes          IoU
----------------------------
wall          : 0.681   (9473372/13911004)
floor         : 0.914   (8672697/9491466)
cabinet       : 0.404   (925733/2292788)
bed           : 0.600   (633083/1055070)
chair         : 0.746   (2709784/3634407)
sofa          : 0.667   (656954/984416)
table         : 0.563   (1007252/1790174)
door          : 0.382   (811318/2121725)
window        : 0.437   (906772/2072934)
bookshelf     : 0.416   (648003/1557916)
picture       : 0.176   ( 49481/281933)
counter       : 0.420   (133896/318726)
blinds        : 0.000   (     0/151309)
desk          : 0.429   (432177/1006365)
shelves       : 0.328   (588425/1796459)
curtain       : 0.451   (397530/881332)
dresser       : 0.343   ( 57619/168122)
pillow        : 0.251   ( 46627/185423)
mirror        : 0.125   ( 12485/99827 )
floor mat     : 0.000   (     0/22436 )
clothes       : 0.109   ( 10749/98580 )
ceiling       : 0.858   (1287651/1501510)
books         : 0.221   (110275/500104)
refrigerator  : 0.345   ( 92598/268016)
television    : 0.612   (121337/198389)
paper         : 0.000   (     0/11378 )
towel         : 0.039   (  2853/72628 )
shower curtain: 0.396   ( 77219/194850)
box           : 0.179   ( 79840/446522)
whiteboard    : 0.339   (146539/432529)
person        : 0.000   (     0/16550 )
night stand   : 0.512   ( 51783/101077)
toilet        : 0.641   ( 86843/135466)
sink          : 0.350   ( 46085/131704)
lamp          : 0.402   ( 37488/93173 )
bathtub       : 0.638   ( 77386/121287)
bag           : 0.000   (     0/56529 )
otherstructure: 0.214   (288244/1343858)
otherfurniture: 0.293   (620557/2119125)
otherprop     : 0.319   (1000770/3141986)
mean IOU 0.36999307335917947

