512 Train loss 0.48635999493251575 MegaMulAdd= 1061.4707396636136 MegaHidden 3.3447078900915903 time= 339.74491810798645 s
512 1 Val MegaMulAdd= 920.5289063076923 MegaHidden 3.098401230769231 time= 67.19107007980347 s
evaluating 49540568 points...
classes          IoU
----------------------------
wall          : 0.759   (9818973/12928999)
floor         : 0.931   (8775478/9424114)
cabinet       : 0.530   (986282/1859578)
bed           : 0.681   (690453/1013723)
chair         : 0.804   (2878486/3581913)
sofa          : 0.741   (666850/900241)
table         : 0.631   (1121452/1776788)
door          : 0.439   (888137/2024051)
window        : 0.481   (884158/1839311)
bookshelf     : 0.689   (999952/1452095)
picture       : 0.221   ( 64559/292048)
counter       : 0.538   (157458/292918)
desk          : 0.518   (455393/878668)
curtain       : 0.489   (360126/736689)
refrigerator  : 0.363   ( 99698/274871)
shower curtain: 0.564   (108130/191611)
toilet        : 0.718   ( 99186/138182)
sink          : 0.468   ( 55097/117629)
bathtub       : 0.701   ( 82578/117774)
otherfurniture: 0.369   (725628/1966359)
mean IOU 0.5817442115288984

